| OBJECTID |   X_COORD |  Y_COORD |   RA |  DEC |        xc_centroid |        yc_centroid | ellipticity_centroid |
|     1008 |  6235.552 |   4675.0 | 1008 | 1008 | 13.743448846831384 | 14.342208822901414 |   0.1268732137913109 |
|     1016 |    7059.0 |  4625.87 | 1016 | 1016 | 13.826909681819071 | 13.854888038256373 |  0.03353816327886883 |
|     1022 |  6267.753 | 4562.959 | 1022 | 1022 | 13.849224751152494 | 13.860668760852079 |  0.18392929439725825 |
|     1024 |  6742.458 | 4602.619 | 1024 | 1024 | 14.634394815173488 | 13.793857723072424 |  0.09545208399952321 |
|     1025 |    5892.0 | 4598.534 | 1025 | 1025 | 13.901845099376446 | 13.871528119310122 |  0.07435449823795659 |
|      103 |  4167.803 |   7144.0 |  103 |  103 | 13.796116648517206 |  14.28495659058871 | 0.058440896411208976 |
|     1092 |  6534.287 |  4500.43 | 1092 | 1092 |  14.73222979175229 | 14.339765096192666 |  0.18543242935781878 |
|     1191 |    6618.0 | 4311.418 | 1191 | 1191 | 13.867010133980672 | 14.410302412186256 |  0.08225699724827884 |
|       11 |  6847.495 | 4015.997 |   11 |   11 | 14.349054678473415 | 14.168379009241065 |  0.04906957052172323 |
|     1218 |    4784.0 | 4233.357 | 1218 | 1218 | 14.160200040905641 | 14.309916262884657 |  0.07616663912266275 |
|     1233 |    5484.0 |   4154.0 | 1233 | 1233 | 13.698989935464837 |   13.6440619279535 |  0.18244124470443834 |
|     1253 |    6358.0 | 4020.477 | 1253 | 1253 | 14.228293236152279 | 14.726445744297678 |  0.09359926664503115 |
|     1257 |  5934.332 | 3976.281 | 1257 | 1257 | 15.105321653659491 | 14.302198921331664 |  0.15966630584934682 |
|     1277 |  6215.694 | 3691.084 | 1277 | 1277 | 13.168031658895476 | 14.974336188238853 |  0.23270519487432628 |
|     1279 |  5971.599 | 3623.243 | 1279 | 1279 | 13.582000599621724 | 14.551700942462091 |  0.15240906434230983 |
|       12 |  7481.148 | 4056.183 |   12 |   12 | 14.292139382234433 | 14.249114029870439 |  0.03855662308934604 |
|     1319 |  5061.604 |   7351.0 | 1319 | 1319 | 14.068272609665444 | 13.817802189567123 |    0.313499564664906 |
|     1324 |  4235.665 | 7393.138 | 1324 | 1324 | 13.462560215145304 | 14.040324262835775 |   0.0568784283473035 |
|     1341 |  4795.522 |   7497.0 | 1341 | 1341 | 13.699057871692117 | 13.751551456832527 |  0.07102468754875668 |
|      134 |    4946.0 | 6989.598 |  134 |  134 | 13.725558359204673 | 13.323228626687722 |   0.1481455941504387 |
|     1361 |  4968.484 |   7732.0 | 1361 | 1361 | 14.880597686367244 | 14.056145252521883 |   0.2862791009928992 |
|     1367 |    7516.7 |   7923.8 | 1367 | 1367 |  13.62794606616077 | 13.649919661094458 |   0.1033371817293709 |
|     1369 |    6214.6 |   8273.6 | 1369 | 1369 |  13.52496122288947 | 13.488555513764606 |  0.11518020366558479 |
|     1371 |    5810.3 |   8197.6 | 1371 | 1371 |  14.47445168200954 | 13.865250468419667 |  0.12424232331277696 |
|     1378 |    3160.1 |   6935.5 | 1378 | 1378 | 14.076089983997297 | 13.486447344800125 |  0.10050748598402659 |
|     1380 |    3542.4 |   6806.7 | 1380 | 1380 | 14.401240613646051 | 13.831106316226723 |  0.07368196749425537 |
|     1383 |    4461.5 |   6820.7 | 1383 | 1383 | 13.444271788749504 | 13.703892399109984 |  0.13491298738829882 |
|     1385 |    5790.4 |   6845.0 | 1385 | 1385 | 14.443746527101347 | 14.276720323667238 |  0.09163344635152171 |
|     1391 |    4159.4 |   6688.7 | 1391 | 1391 |  14.47210269189727 | 13.652697729840956 |  0.19515496685009126 |
|     1395 |    7117.9 |   6590.4 | 1395 | 1395 | 13.800854017862687 | 14.168386965555314 |  0.08713069571516519 |
|     1396 |    4875.8 |   6473.4 | 1396 | 1396 | 14.071901911903165 | 14.253428765880313 |  0.23626575861209775 |
|     1398 |    4386.2 |   6447.5 | 1398 | 1398 | 14.257752280523349 | 13.408237566242274 |  0.08833448131739896 |
|       13 |   8045.77 | 4008.171 |   13 |   13 | 13.810031183421016 | 14.092243641138719 |  0.15746650298354936 |
|     1401 |    3435.7 |   6205.6 | 1401 | 1401 |  13.64249683500594 | 13.640474892292575 |   0.1065306387674152 |
|     1403 |    3823.9 |   5807.5 | 1403 | 1403 | 13.841514256960474 | 13.524530993719802 |   0.0610357789921151 |
|     1407 |    5773.4 |   5823.9 | 1407 | 1407 | 14.459864548049978 |  13.88155786412949 |  0.09306537619351418 |
|     1409 |    8865.8 |   5640.8 | 1409 | 1409 | 13.860278594639855 | 13.684005297030769 |   0.1551545642329435 |
|     1412 |    8865.7 |   5640.8 | 1412 | 1412 | 13.860278594639855 | 13.684005297030769 |   0.1551545642329435 |
|     1430 |    6906.9 |   5165.6 | 1430 | 1430 | 14.057444802052279 | 13.512394765292203 |  0.18927319369362106 |
|     1433 |    4693.7 |   5148.9 | 1433 | 1433 |  13.65619168470406 | 14.323016579713654 |  0.12990514477392823 |
|     1439 |    9428.1 |   4934.2 | 1439 | 1439 | 14.078776246255135 | 14.132873856762734 |  0.16058478140633448 |
|     1441 |    7862.1 |   4698.2 | 1441 | 1441 |  14.26951849034462 | 14.372053268211896 |   0.1355819231022105 |
|     1447 |    4459.9 |   4634.1 | 1447 | 1447 | 13.926105728208688 | 14.240054895576886 |  0.12088733557299525 |
|     1450 |    8328.2 |   4300.1 | 1450 | 1450 | 13.978240200022098 | 14.023622466335643 |  0.20254856084115058 |
|     1460 |    5367.2 |   3804.8 | 1460 | 1460 | 14.300479991669576 | 13.800295821951188 |  0.11387911884204815 |
|     1461 |    5117.4 |   3936.9 | 1461 | 1461 | 14.465804664874325 | 13.861473970015888 |  0.04683330157040477 |
|     1464 |    5605.6 |   3276.2 | 1464 | 1464 | 13.614654229644415 | 14.198638081059299 |  0.05969182804865503 |
|     1467 |    6948.8 |   3249.8 | 1467 | 1467 | 19.727553524230675 | 22.831208872712423 |   0.3941887764388601 |
|     1478 |    8737.9 |   1470.4 | 1478 | 1478 |  13.95992356517595 | 14.478616020665408 |  0.13329256958864955 |
|     1481 |    7449.9 |   3529.8 | 1481 | 1481 |  13.90420379762521 | 13.740963062295318 |   0.0786954275139472 |
|      153 |  3978.379 |   6881.0 |  153 |  153 | 14.195524153727877 | 14.414096531646065 |  0.12517565396548636 |
|      163 |    4950.0 | 6827.389 |  163 |  163 | 14.023682245263469 | 14.442473969435023 |  0.24074384436944618 |
|       16 |  8791.937 | 3802.482 |   16 |   16 | 13.899728258614411 | 14.408622238175463 |  0.18014073236318173 |
|       17 |  8439.145 | 3649.158 |   17 |   17 | 14.136032020990301 |  14.15418577213863 |  0.11197125852152212 |
|       18 |  9392.028 |  3842.49 |   18 |   18 | 13.937404973668604 | 14.423384487749692 |  0.01609552600970454 |
|       19 | 10681.145 | 4058.349 |   19 |   19 |   14.3527629465731 | 14.541477022084782 |  0.12530392345513441 |
|       21 |  6730.083 | 4665.118 |   21 |   21 | 14.114335444799522 | 14.269116652315725 |  0.24051121375377638 |
|      229 |  4720.516 | 6624.369 |  229 |  229 | 12.830476728063521 | 14.646509565338967 |  0.09495097402448183 |
|       22 |  7356.443 | 4484.199 |   22 |   22 | 14.619257868490129 | 14.446654712736326 |  0.11022246104514022 |
|       24 |  7359.847 | 4432.523 |   24 |   24 | 13.842046969407027 |  13.50892121568491 |  0.09565111260914694 |
|       25 |  7420.495 | 4311.603 |   25 |   25 | 14.473244724340688 | 13.635125302756926 |  0.17596165018818888 |
|       26 |  7361.792 | 4646.833 |   26 |   26 | 13.733028170464308 | 13.661801073240618 |   0.2753381027798736 |
|      275 |    4391.0 | 6484.955 |  275 |  275 | 13.629037766033576 | 13.680004536452609 |   0.1612418958901093 |
|       28 |   7993.41 | 4354.901 |   28 |   28 | 14.201767031161722 |  13.45299920818237 |  0.07195387780103857 |
|      299 |    5223.0 | 6327.734 |  299 |  299 | 14.086760866106566 | 13.597444620344397 |  0.14059532160216082 |
|       29 |  7750.518 |  4640.84 |   29 |   29 | 13.569072808908063 |  13.90933785212412 |  0.13158197277284567 |
|      303 |    3647.0 | 6319.744 |  303 |  303 | 13.783711565955514 | 13.488499261812665 |    0.149913146768193 |
|      311 |    5949.0 |   6276.0 |  311 |  311 | 13.831981600749149 |  14.10993210074347 |  0.17972922446891781 |
|      319 |    3878.0 |   6235.0 |  319 |  319 |  14.15481012933975 | 13.423221107122238 |  0.13006323744954662 |
|       31 |  8820.568 |  4185.33 |   31 |   31 | 13.943503892872641 | 13.788084691170733 |   0.2614015415792462 |
|      347 |  5823.746 | 6127.705 |  347 |  347 | 13.703565340582847 | 13.621486495546062 |   0.0718065721701332 |
|       36 |  3638.497 | 5075.141 |   36 |   36 | 14.882576477811217 | 14.149495747484188 |  0.25040412249199173 |
|      377 |  5212.586 |   6040.0 |  377 |  377 |  14.14245973162282 | 13.756378816443778 |  0.10991043758107011 |
|      382 |  4216.668 |   6044.0 |  382 |  382 | 13.482649201725751 | 14.282344851142996 | 0.046404190272205215 |
|        3 |  6429.507 | 2698.129 |    3 |    3 | 24.990415549009562 | 7.1955157493095765 |  0.14015499958129407 |
|       41 |  7915.085 | 5028.097 |   41 |   41 |  14.18122289859522 | 13.975856249965693 |  0.12600058130605074 |
|      421 |    6949.0 | 5933.096 |  421 |  421 | 14.102736110689664 |  14.13787164402982 |   0.1259248358109757 |
|      444 |    3726.6 | 5833.722 |  444 |  444 | 13.799606149878308 | 13.925340467924576 |  0.04658423429656677 |
|       44 |  7608.993 | 4927.986 |   44 |   44 | 14.056705513036675 | 14.057750205746444 |  0.07497046460255807 |
|      472 |    3980.0 | 5736.754 |  472 |  472 | 13.821889668875883 | 13.733482275801867 |  0.05575856686858538 |
|      523 |  7004.852 | 5613.756 |  523 |  523 |  13.85281166754039 | 13.636998145094914 |  0.06885719145941671 |
|       53 |  1643.726 | 6896.917 |   53 |   53 | 15.021632788489423 | 14.306675674995024 |  0.08581659754665805 |
|       57 |  3342.705 | 6894.171 |   57 |   57 |  13.16771931722258 | 14.312269902039736 |   0.1525004895326053 |
|      582 |    5273.0 | 5486.504 |  582 |  582 | 14.440911276580339 | 13.206374118349858 |  0.22966307070096048 |
|       60 |  1404.956 | 7266.526 |   60 |   60 | 13.905826544587027 | 13.564849465042787 |   0.1083678071558487 |
|      624 |  4351.192 |   5437.0 |  624 |  624 | 14.540828134211887 | 13.374189669487636 |  0.16283375154114044 |
|       62 |   3892.32 | 7135.646 |   62 |   62 | 14.337789505893834 | 13.606403120190087 | 0.018920427242830717 |
|      645 |    5731.0 |   5372.0 |  645 |  645 | 14.248304421254304 |  14.00838993229013 |  0.12046370264485251 |
|       64 |  6272.344 | 7082.103 |   64 |   64 | 14.369920573262517 | 13.216393378924002 |  0.45486630471568423 |
|       65 |  6655.821 | 7589.843 |   65 |   65 | 13.827832625478463 | 13.883359016663212 |  0.03473206779916049 |
|       67 |  3505.712 | 8001.937 |   67 |   67 |  13.62787461223291 | 13.686400490060048 |  0.10524714225818643 |
|      687 |  5391.922 |  5312.87 |  687 |  687 | 13.749120012812371 | 13.997314606564634 |   0.1148879337402674 |
|       68 |  4286.017 | 7995.641 |   68 |   68 |    14.060371468399 | 13.926304175036188 |  0.11408469454233983 |
|       70 |  5587.875 | 7774.674 |   70 |   70 | 14.027787178935798 | 13.649398612553684 |  0.08683280321664522 |
|       71 |  6764.818 | 7795.004 |   71 |   71 | 13.793691860278674 | 13.716023008795693 | 0.040784851216277174 |
|      724 |  5969.249 |   5297.0 |  724 |  724 | 14.125825182888594 | 14.154225764974203 |  0.09160854856430822 |
|      737 |    4825.0 | 5278.975 |  737 |  737 | 14.174188892669944 |  14.12741011228615 |  0.08388702690593319 |
|       75 |  6331.224 | 6996.673 |   75 |   75 | 13.999427019709413 | 13.658800982264898 |  0.09912504652927223 |
|      784 |    4837.0 |   5158.0 |  784 |  784 | 14.017873890921843 | 14.401184486032268 | 0.052217446482614505 |
|      785 |    4245.4 |  5147.29 |  785 |  785 | 14.434992729503017 | 14.370365498094792 | 0.028547264214392576 |
|       78 |  6676.771 | 4539.609 |   78 |   78 | 13.748311065491677 | 13.460361745484835 |  0.06464445648654626 |
|      790 |  5941.249 | 5125.548 |  790 |  790 | 14.511394658339974 | 13.522473095713238 |  0.05664298321632011 |
|      797 |    5317.0 |   5109.0 |  797 |  797 | 13.608706902333829 | 13.933912371026743 |  0.10101792843109636 |
|      811 |   6356.27 | 5063.522 |  811 |  811 | 14.622699390084446 |   13.7919331166525 |  0.07112255009905255 |
|      830 |   3537.04 | 5030.503 |  830 |  830 |  13.72809639108075 | 13.278346822484757 |  0.03784679244784628 |
|      865 |    4273.0 | 4991.942 |  865 |  865 | 13.203237262043379 |  14.09406043562628 |  0.16730378087439957 |
|        8 |   6887.11 | 3225.797 |    8 |    8 | 14.250971362648485 |  14.49145125871393 |  0.25635766820888195 |
|      927 |    4716.0 |   4917.0 |  927 |  927 | 14.165657734039007 |  13.99118401217913 |  0.14706980082785148 |
|       98 |    4573.0 |   7186.0 |   98 |   98 | 14.890656170204897 | 14.001151585108326 |  0.09177410965439525 |
|      990 |  3636.381 |   4718.0 |  990 |  990 |  15.49118603988007 | 13.597246652550384 |  0.07896002661532231 |
|      999 |    5450.0 | 4680.643 |  999 |  999 | 14.204358351178266 | 13.373546122789463 |  0.18598876289327593 |
|        9 |  7701.502 | 3093.327 |    9 |    9 | 13.608066764946694 | 14.247519931149734 |  0.03698100101723578 |
